Time1   = 15.688
Time10  = 12.324
Time2   = 15.405
Time3   = 11.14
Time4   = 10.036
Time5   = 16.063
Time6   = 9.1300001
Time7   = 19.127998
Time8   = 14.719
Time9   = 7.677
