Time1   = 14.011002
Time10  = 29.832001
Time2   = 15.522999
Time3   = 6.5079999
Time4   = 8.2130003
Time5   = 18.943001
Time6   = 12.826
Time7   = 22.063
Time8   = 6.8759999
Time9   = 9.5869999
