Time1   = 39.237
Time10  = 18.224001
Time2   = 11.276
Time3   = 26.737
Time4   = 18.198002
Time5   = 14.038
Time6   = 17.285
Time7   = 13.307
Time8   = 20.778
Time9   = 10.032
