Time1   = 23.750999
Time10  = 9.4560003
Time2   = 18.763
Time3   = 12.222
Time4   = 15.368
Time5   = 25.114
Time6   = 9.1359997
Time7   = 26.427
Time8   = 19.412001
Time9   = 42.762001
