Time1   = 17.738998
Time10  = 10.741001
Time2   = 13.013
Time3   = 23.653999
Time4   = 21.431
Time5   = 26.382999
Time6   = 12.166
Time7   = 27.007999
Time8   = 15.437
Time9   = 14.059
