Time1   = 12.133
Time10  = 14.007
Time2   = 10.745
Time3   = 8.0019999
Time4   = 14.254
Time5   = 6.053
Time6   = 8.9949999
Time7   = 6.355
Time8   = 6.0539999
Time9   = 32.150002
