Time1   = 14.969002
Time10  = 18.018
Time2   = 18.612
Time3   = 18.096001
Time4   = 10.296
Time5   = 14.6338
Time6   = 10.515
Time7   = 27.257
Time8   = 11.816
Time9   = 29.339001
