Time1   = 12.502
Time10  = 11.095
Time2   = 8.4510002
Time3   = 15.025
Time4   = 9.9399996
Time5   = 10.485
Time6   = 7.4949999
Time7   = 12.907
Time8   = 53.702999
Time9   = 20.365999
