Time1   = 13.84
Time10  = 11.005
Time2   = 19.042
Time3   = 7.9000001
Time4   = 10.411999
Time5   = 9.96
Time6   = 11.604
Time7   = 17.927999
Time8   = 16.211
Time9   = 15.166
