Time1   = 11.158
Time10  = 17.121
Time2   = 19.091999
Time3   = 7.6609998
Time4   = 8.5039997
Time5   = 10.155
Time6   = 6.0349998
Time7   = 17.787001
Time8   = 14.324001
Time9   = 12.042
