Time1   = 12.224
Time10  = 9.3500004
Time2   = 7.572
Time3   = 6.650999
Time4   = 4.6030002
Time5   = 13.012
Time6   = 5.0050001
Time7   = 9.3979998
Time8   = 7.323
Time9   = 15.221
