Time1   = 20.148001
Time10  = 20.23
Time2   = 13.242001
Time3   = 11.387
Time4   = 21.85
Time5   = 48.313999
Time6   = 13.354
Time7   = 30.257
Time8   = 13.319
Time9   = 19.458
