Time1   = 20.525999
Time10  = 23.728001
Time2   = 14.632
Time3   = 23.944
Time4   = 44.863998
Time5   = 12.588
Time6   = 19.070999
Time7   = 13.631
Time8   = 10.108
Time9   = 17.112
