Time1   = 34.698002
Time10  = 19.42
Time2   = 33.466999
Time3   = 28.379999
Time4   = 23.091999
Time5   = 23.646
Time6   = 16.646999
Time7   = 40.380001
Time8   = 9.4289999
Time9   = 10.542
